72 111111
93 1111101
98 1111100
49 111101
133 111100
86 1110111
215 11101101
214 11101100
172 111010
179 1110011
99 1110010
85 1110001
101 1110000
82 1101111
100 1101110
134 110110
136 110101
50 110100
102 1100111
103 1100110
8 110010
2 1100011
110 1100010
135 110000
27 1011111
104 1011110
83 1011101
105 1011100
108 1011011
201 10110101
200 10110100
107 1011001
13 1011000
71 101011
138 101010
30 1010011
33 1010010
137 101000
80 1001111
36 1001110
139 100110
28 1001011
178 1001010
51 100100
203 10001111
199 10001110
109 1000110
112 1000101
106 1000100
198 10000111
205 10000110
39 1000010
140 100000
81 0111111
34 0111110
171 011110
35 0111011
115 0111010
79 0111001
206 01110001
208 01110000
52 011011
29 0110101
37 0110100
141 011001
204 01100011
202 01100010
111 0110000
116 0101111
190 01011101
1 010111001
218 010111000
12 0101101
40 0101100
113 0101011
42 0101010
142 010100
114 0100111
43 0100110
118 0100101
32 0100100
78 0100011
38 0100010
213 01000011
192 01000010
197 01000001
188 01000000
54 001111
117 0011101
31 0011100
143 001101
70 001100
3 001011
194 00101011
210 00101010
120 0010100
53 001001
164 001000
122 0001111
77 0001110
123 0001101
191 00011001
211 00011000
209 00010111
196 00010110
41 0001010
162 000100
193 00001111
207 00001110
223 0000110111
222 0000110110
219 000011010
195 00001100
161 000010
177 0000011
121 0000010
170 000000
144 111111
11 1111101
119 1111100
7 111101
165 111100
160 111011
163 111010
146 111001
44 1110001
75 1110000
55 110111
159 110110
169 110101
212 11010011
189 11010010
76 1101000
145 110011
147 110010
149 110001
124 1100001
125 1100000
166 101111
45 1011101
186 10111001
185 10111000
150 101101
168 101100
148 101011
158 101010
154 101001
56 101000
184 10011111
187 10011110
176 1001110
152 100110
157 100101
151 100100
5 100011
167 100010
57 100001
19 10000011
220 100000101
216 100000100
175 1000000
156 011111
155 011110
153 011101
21 01110011
20 01110010
126 0111000
69 011011
10 0110101
46 0110100
58 011001
6 011000
128 0101111
127 0101110
4 010110
59 010101
23 01010011
182 01010010
74 0101000
60 010011
24 01001011
22 01001010
18 01001001
17 01001000
68 010001
47 0100001
129 0100000
174 0011111
183 00111101
91 00111100
67 001110
217 001101111
224 00110111011
225 001101110101
0 0011011101001
229 001101110100011
255 00110111010001011
233 00110111010001010111
242 001101110100010101101
230 0011011101000101011001111
231 0011011101000101011001110
252 001101110100010101100110
232 0011011101000101011001011
239 0011011101000101011001010
247 0011011101000101011001001
251 0011011101000101011001000
244 0011011101000101011000
234 00110111010001010101
235 00110111010001010100
237 00110111010001010011
238 00110111010001010010
248 001101110100010100011111
253 0011011101000101000111101
254 0011011101000101000111100
240 00110111010001010001110
249 001101110100010100011011
250 001101110100010100011010
243 00110111010001010001100
241 0011011101000101000101
245 00110111010001010001001
246 00110111010001010001000
236 00110111010001010000
228 0011011101000100
226 001101110100001
227 001101110100000
221 0011011100
181 00110110
9 0011010
73 0011001
16 00110001
92 00110000
61 001011
94 00101011
14 00101010
48 0010100
90 00100111
25 00100110
130 0010010
97 00100011
88 00100010
87 00100001
26 00100000
132 0001111
173 0001110
62 000110
66 000101
180 00010011
15 00010010
95 00010001
96 00010000
64 000011
131 0000101
84 00001001
89 00001000
63 000001
65 000000
